Node# CityName Population Elevation
1 WestBernitaside 48160398 2734.0
2 Lemkebury 11320567 3465.0
3 SouthSienna 13308569 3578.0
4 Brennashire 49447237 3081.0
5 Cathrynborough 48861791 410.0
6 LakeHarley 12039108 2492.0
7 SouthGodfreyberg 30870837 525.0
8 SouthJessieborough 48326660 2707.0
9 WestArianetown 14796598 3646.0
10 WestAnnamaemouth 7231443 1778.0
11 Cormierstad 17506664 -94.0
12 Boyleborough 36120968 2629.0
13 O'Connellton 35038707 3362.0
14 SouthAlisaside 132796 3473.0
15 LakeJoanny 25233508 2148.0
16 Howellland 41356566 2291.0
17 NorthMurl 27265315 2279.0
18 Reichelchester 40600577 3271.0
19 Osvaldoburgh 19233306 3645.0
20 SouthGunnerport 13337986 2816.0
21 NorthAfton 21865336 1426.0
22 NewJessiebury 27004611 3115.0
23 LakeFaye 1447960 3787.0
24 Jaskolskistad 4173479 162.0
25 NorthNealchester 32997757 640.0
26 LakeBradchester 46403063 2639.0
27 SouthDewittville 49862785 -46.0
28 EastBranson 43017826 917.0
29 NorthSabrina 3827463 972.0
30 Dariusview 13524033 3666.0
31 Ebertmouth 34336770 107.0
32 Hayesborough 15672931 1910.0
33 Jonathonmouth 42112344 738.0
34 Smithton 19660650 2624.0
35 Cassinburgh 34491817 1853.0
36 SouthJillian 19318797 712.0
37 EastTomas 11008616 2728.0
38 Welchfort 37102341 787.0
39 Sipesborough 31457386 642.0
40 NorthLucilemouth 224832 2457.0
41 LakeSolon 15363024 2488.0
42 Spencerfurt 13434315 3280.0
43 SouthBuck 27501600 605.0
44 EastQuinten 5096286 3142.0
45 NewJuliusville 30668162 993.0
46 PortMiracle 17639615 1155.0
47 WestFay 14205935 273.0
48 PortCloydside 2588054 -78.0
49 O'Reillychester 36885543 3505.0
50 WestBenton 28478126 2349.0
51 EastGunnarport 16292698 2934.0
52 WestUniquemouth 42546804 2283.0
53 Jeanmouth 3076350 2462.0
54 Lulaberg 38114054 2181.0
55 Littleberg 28967769 2378.0
56 LakeBradleystad 43507608 1174.0
57 EastMagaliborough 18799698 2763.0
58 NorthDevonteville 30518462 1308.0
59 PortRuth 3755205 2591.0
60 Ornport 9825243 363.0
61 PortOkeyton 41724072 3217.0
62 Ryleyshire 33569494 -7.0
63 Justinaville 14392651 1378.0
64 LakeKayley 36281820 2060.0
65 Dakotaborough 47554309 1182.0
66 Carsonfurt 16689246 3182.0
67 Larsonchester 6552174 737.0
68 SouthAgnes 33234476 3864.0
69 Anniemouth 34377950 -8.0
70 Reneeberg 26612903 2506.0
71 Jeaniefort 10910594 2351.0
72 Leopoldtown 37482848 1050.0
73 Cruickshankview 14077640 3529.0
74 Violethaven 7376767 1841.0
75 Kuhnshire 39971082 2868.0
76 NewZackview 22760870 2121.0
77 Richardshire 35408218 2336.0
78 Gibsonland 5235374 -58.0
79 NorthFlorineport 40843405 1151.0
80 Wizatown 43123862 877.0
81 PortMarquis 4315932 2902.0
82 Camilafort 37884851 1131.0
83 NewJanie 25546129 408.0
84 Antoinetteburgh 12869606 1744.0
85 Pascaleport 31452006 3104.0
86 EastAnnettaberg 37583670 3811.0
87 NewRaoul 18424425 1101.0
88 PortMeredith 36473109 2155.0
89 Devonstad 20935710 1316.0
90 PortKipfurt 7956398 2826.0
91 WestAlanbury 29288490 2221.0
92 SouthDrewchester 4751887 699.0
93 Estellastad 28402061 2127.0
94 NorthLucienne 42436641 1551.0
95 SouthJakayla 11722759 2322.0
96 NewBryon 29465602 3437.0
97 Harberville 37707006 3978.0
98 PortLonfurt 46061486 894.0
99 Kesslerbury 5081884 3547.0
100 Boehmborough 14445316 56.0
101 LakeJoanchester 42157399 3340.0
102 Lempiborough 41376711 2466.0
103 NewAngela 18400811 887.0
104 Alainaland 45549855 892.0
105 Altenwerthside 36169822 679.0
106 SouthDarby 25954598 3555.0
107 Heidenreichland 38385233 2681.0
108 WestSaraifort 44493082 1492.0
109 WestWillardchester 13375915 1158.0
110 Gutmannfurt 40191681 3086.0
111 SouthAva 14132252 1440.0
112 Michaleview 45780294 1849.0
113 Vancefort 9007467 2424.0
114 PortEmiliostad 24725533 483.0
115 LakeJamie 4001089 154.0
116 Stokesfort 2100112 914.0
117 Baumbachborough 28703829 3363.0
118 PortErnesto 695967 1628.0
119 Blandaville 6250720 262.0
120 NewDariofurt 22629314 455.0
121 LakeMeghanfort 40751158 17.0
122 NewNaomi 21052430 0.0
123 Carleyview 11528470 -31.0
124 NorthRomaine 39774828 771.0
125 NorthJewelstad 4726335 2541.0
126 NewGunnerfort 12166351 1522.0
127 Clemmieberg 37258137 2854.0
128 Wileyton 16518694 2123.0
129 EastChristopfurt 20767666 2194.0
130 EastRyanside 9472978 1161.0
131 LakeMalvina 37675811 118.0
132 LakeBirdie 3401876 -67.0
133 Maudmouth 4240689 1538.0
134 LakeTroyland 36383087 1186.0
135 Howeshire 2297336 3935.0
136 Kyleeville 14965683 1415.0
137 Angelachester 10801567 850.0
138 LakeDarrelstad 48044475 1227.0
139 EastMireyachester 6470353 570.0
140 Hermanburgh 42693494 -1.0
141 NorthZella 15167721 2461.0
142 Howehaven 44633897 637.0
143 Odafurt 49338433 885.0
144 Effertzbury 6986256 3230.0
145 Alyssonville 27652682 2629.0
146 Hilpertshire 33095576 2683.0
147 Briannestad 41533475 965.0
148 SouthLulu 4371106 1689.0
149 SouthAidanhaven 42907561 1010.0
150 SouthJerod 9894696 3685.0
151 Ferryside 5035261 95.0
152 WestCathrynport 16645589 3547.0
153 Beattymouth 26604146 2007.0
154 LakeMelody 15027315 1191.0
155 Hickleville 12147342 2768.0
156 NorthCarolyne 10442466 2478.0
157 Magalishire 8730812 1467.0
158 Chasitychester 33280022 893.0
159 Robelville 38224418 2982.0
160 Kaceytown 44076924 764.0
161 Baileychester 14528467 3878.0
162 Hellermouth 15190998 630.0
163 Spencertown 39139014 1937.0
164 SouthFrancis 26655080 1983.0
165 NorthRoscoemouth 36189030 3561.0
166 NorthRickey 10993438 2461.0
167 Tabithachester 1648495 2571.0
168 EastFae 6596914 1686.0
169 Jamiefurt 28221811 2470.0
170 NorthMarcus 26704375 1907.0
171 Luisatown 16959571 1108.0
172 NorthTristinberg 17412213 893.0
173 LakeBrettchester 44865595 3526.0
174 Klockofurt 17334361 2720.0
175 WestJohnnie 28570987 3433.0
176 Tannermouth 25543864 2741.0
177 Christinastad 18200274 821.0
178 EastKenyafurt 27662677 25.0
179 Marianoview 40403110 -29.0
180 PortCharleyside 12110084 1393.0
181 PortTeresa 25065596 2600.0
182 Annettafurt 35860335 3732.0
183 Thaddeusbury 39155767 1114.0
184 Hintzfort 14622007 1270.0
185 Marjorieside 40629458 3486.0
186 WestShanelle 44135073 14.0
187 Rueckerfort 27496344 3951.0
188 Felicitaberg 45491684 3983.0
189 Tillmanfort 788207 702.0
190 Verniestad 24719170 2049.0
191 Glovershire 5154401 2856.0
192 Jaquelinetown 13890510 3426.0
193 Auroremouth 45563891 3966.0
194 Veumborough 18663835 3073.0
195 Zboncakside 10408996 2167.0
196 Wolfville 33781090 2663.0
197 WestAngie 4726629 1898.0
198 WestJarvisview 10887909 2261.0
199 NewOrlandton 23272930 347.0
200 Reidmouth 5683266 972.0
201 Emmetbury 41016977 1692.0
202 Eldaville 46874849 3345.0
203 Axelberg 25987881 1561.0
204 Millsberg 14105803 2092.0
205 Kariannestad 21903671 2096.0
206 LakeConnorstad 44097942 1619.0
207 Bahringerland 1067326 197.0
208 PortSunny 26053091 1620.0
209 SouthTaramouth 36914604 2188.0
210 Goodwintown 48981420 1391.0
211 Jaycemouth 44189199 139.0
212 EastStanleyfurt 39909456 1307.0
213 EastAbigailborough 7617745 2502.0
214 EastJedidiahchester 42929580 -73.0
215 WestHilario 14179385 2969.0
216 Deontaeburgh 20691087 1585.0
217 SouthNayeliberg 48210007 1278.0
218 WestJodiehaven 37470453 1103.0
219 SouthManleychester 48868528 1560.0
220 WestRodolfo 4482522 2960.0
221 Baileyside 46951797 25.0
222 SouthNickolas 29136337 2080.0
223 Romagueraborough 34229486 2702.0
224 NorthNelleton 28784723 1548.0
225 NorthHendersonmouth 43114749 2961.0
226 LakeMilford 49886123 796.0
227 LakeRicardo 47677721 155.0
228 Carolanneton 22076982 3964.0
229 Davisberg 40264309 1466.0
230 Pfannerstillview 8592460 502.0
231 NewMarvin 10552191 1693.0
232 SouthMoisesberg 35911170 306.0
233 NewMichealton 39817819 3386.0
234 NewLiza 21049790 2798.0
235 SouthElianefort 6147841 2890.0
236 LakeLavonnestad 30285197 3711.0
237 WestTraceybury 36689094 1036.0
238 LakeAftonton 1954950 2253.0
239 EastReedside 39743463 935.0
240 PortMortonland 40598180 3662.0
241 Rutheport 31095675 518.0
242 Jamirton 12354492 1182.0
243 Collierstad 25033802 1546.0
244 LakeAliya 44470937 2163.0
245 Winstonbury 5444839 665.0
246 SouthMallory 39043898 3398.0
247 Gleichnerstad 20672987 3326.0
248 Hauckland 25493427 1922.0
249 LakeSincere 35089248 3596.0
250 WestSadye 19585608 3336.0
251 SouthZaria 34239573 1793.0
252 LakeSelmerview 47840967 902.0
253 Harberfort 27452996 1207.0
254 Homenickmouth 44115721 494.0
255 Napoleonland 10339438 3260.0
256 WestVeronicaview 47563666 891.0
257 DuBuqueland 10168328 134.0
258 EastKaiafort 19258405 186.0
259 PortSibylmouth 11025530 2259.0
260 LakeMissouriburgh 15668861 1166.0
261 EastMarionhaven 24903193 3970.0
262 Towneport 21853986 2493.0
263 NewRandyport 40366087 3373.0
264 Alfonsoland 6512341 1172.0
265 SouthFavian 28591972 3423.0
266 Warrenstad 9502642 3648.0
267 Antonetteland 26573238 2175.0
268 Perrytown 28946378 122.0
269 Greenfelderland 20186290 2105.0
270 NorthBerta 19113870 1821.0
271 Parkerburgh 16628950 -98.0
272 Armstrongtown 21444275 3337.0
273 Cloydmouth 18014240 438.0
274 Sheafurt 3982875 1295.0
275 NewKelley 21450017 3477.0
276 EastTressieville 43555130 2455.0
277 SouthCole 5190693 3311.0
278 Kshlerinfurt 34511272 577.0
279 Ransommouth 8372489 702.0
280 WestOma 35290124 718.0
281 Baileyborough 16035311 2496.0
282 NorthTorrance 43146152 2197.0
283 WestMargotville 12967392 3634.0
284 Floburgh 47697446 1966.0
285 Bodechester 24002712 157.0
286 Leeport 1510814 1926.0
287 Haroldfort 34613107 2264.0
288 NewFredrickstad 44256779 1759.0
289 NewJanessa 9216198 2887.0
290 Katlynville 7633622 2179.0
291 Gorczanymouth 11742460 2253.0
292 Cummerataton 36282433 2668.0
293 O'Keefeburgh 34304929 2598.0
294 EastMattmouth 15734687 1348.0
295 Aureliachester 26706445 2198.0
296 Ladariushaven 18595691 1457.0
297 Breanneview 27939788 1466.0
298 NorthMarian 32293640 2399.0
299 Wandafort 35169044 1943.0
300 Kautzertown 21349539 -83.0
301 Reillyland 31035069 1239.0
302 NewOsvaldoshire 38403565 3102.0
303 NorthGunner 1380795 1957.0
304 Cassieborough 8482530 1172.0
305 Kaleighberg 2463744 1669.0
306 Riceshire 37936864 3483.0
307 Jorgetown 31143970 1841.0
308 NewNayelihaven 23703673 2337.0
309 WestPatricia 9724862 2936.0
310 Sabrinafort 11659005 3721.0
311 WestJulianne 36897985 414.0
312 WestShanie 3027719 2436.0
313 Gutkowskiland 36745634 1542.0
314 WestBlake 40974298 859.0
315 Ambrosetown 33506124 1169.0
316 Kayamouth 32953004 3573.0
317 NewBridgettemouth 6269350 3445.0
318 Cronaview 12822071 2571.0
319 NorthBrooksfurt 17116550 3378.0
320 Gleichnerhaven 543476 1007.0
321 Nikolausmouth 40698692 241.0
322 Morissettemouth 17801329 3871.0
323 Langfort 45296254 3010.0
324 WestDelphiaborough 24531521 3740.0
325 NewKarlie 45953189 1988.0
326 WestUbaldo 45722566 1293.0
327 PortSamson 14263087 1315.0
328 Adellebury 27287212 577.0
329 Schillerberg 13070641 1850.0
330 Dareport 4822487 1405.0
331 Jeradbury 32023795 2426.0
332 Aliceland 3933250 2326.0
333 NewCrystal 34217875 2089.0
334 Trompborough 43048092 225.0
335 Crystalland 35521040 1132.0
336 SouthKristinafort 14531384 984.0
337 Corrinemouth 33171728 3371.0
338 Ibrahimmouth 22329851 3300.0
339 Bayerville 11986704 -21.0
340 Anselshire 43607692 2404.0
341 Sebastiantown 46512655 1923.0
342 Salvatoremouth 37270439 2308.0
343 Veronicamouth 21446371 3508.0
344 O'Keefeton 33493693 2180.0
345 WestOzellaville 7098018 3766.0
346 SouthShayne 38240040 3462.0
347 SouthDewaynetown 36517740 312.0
348 NewVerlatown 31180243 3500.0
349 NewWainoberg 29200266 949.0
350 NewRettafort 2411141 28.0
351 Legrosshire 46236111 1126.0
352 SouthLurline 24013777 9.0
353 Sydneyburgh 6543995 462.0
354 WestGerry 49317469 2758.0
355 Amayamouth 22176430 1983.0
356 LakeBraulio 19861951 2604.0
357 NewRylanfort 3549893 1787.0
358 EastTyreek 26073634 1025.0
359 Maxport 188962 1347.0
360 Ankundingview 4774130 2692.0
361 EastWinnifred 45214218 1331.0
362 PortCatherineside 24635722 2539.0
363 Rickytown 10142803 2134.0
364 Karenshire 13416741 2839.0
365 PortHelenfurt 13851317 3714.0
366 WestChristinaborough 29088588 288.0
367 NorthMadilynberg 19936320 1029.0
368 LakeAidanville 23174433 1031.0
369 Gradyland 19433837 2474.0
370 Leannview 27136777 3202.0
371 NorthJaylin 1379522 963.0
372 Elianetown 25122494 1127.0
373 Runolfsdottirmouth 47194292 1468.0
374 Corwinhaven 46547853 2015.0
375 WestAltafort 38689509 2034.0
376 PortWayneland 23376956 1625.0
377 SouthCristal 2374366 910.0
378 Karsonfort 47428710 1386.0
379 EastZella 23557124 1361.0
380 PortEstelland 5459879 3071.0
381 Mercedeshaven 2884789 375.0
382 LakeTyrel 19063684 2858.0
383 EastDakota 38367890 -22.0
384 Kunzeborough 46205827 998.0
385 Conroyton 34436353 2671.0
386 Pagachaven 17474871 71.0
387 Darenfort 46162097 2740.0
388 O'Konville 47496114 184.0
389 SouthElliotmouth 1113322 826.0
390 NorthElias 33562831 1894.0
391 NewAnnamaechester 41797728 121.0
392 Schuppeville 27462570 3078.0
393 SouthRhiannon 48456933 3073.0
394 PortCarlottaville 11411637 2906.0
395 SouthAustyn 49115359 730.0
396 Trinityborough 19777818 2665.0
397 NewLaruechester 24535623 2688.0
398 Gislasonland 44826126 62.0
399 Parkerchester 28052969 0.0
400 LakeMason 31077747 3365.0
401 WestSeamusview 30996658 350.0
402 Ollietown 32452875 3507.0
403 WestMarquis 23834572 497.0
404 NorthTyreechester 33551669 3534.0
405 SouthNataliaton 18547328 3282.0
406 SouthAshleighport 42432511 2464.0
407 NewSterlingview 39960236 3781.0
408 Miloborough 4631523 2426.0
409 Millieberg 764929 3820.0
410 Christineport 7473130 42.0
411 PortKatheryn 23333309 3677.0
412 SouthElenora 26061856 3223.0
413 Labadiemouth 8710975 1806.0
414 WestDestiny 3651282 1874.0
415 Consuelomouth 43684753 1113.0
416 NewShanie 35314637 1747.0
417 PortEwaldshire 29085941 3711.0
418 LakeSigmundburgh 3846552 397.0
419 Gerholdchester 15581086 2189.0
420 Bergnaumtown 49516862 3102.0
421 NorthKendall 27869126 2859.0
422 Robertshaven 4913058 1792.0
423 EastAliyatown 48701174 2547.0
424 Irwinborough 48411943 1441.0
425 Lucystad 17277438 728.0
426 PortEllsworth 43294687 3748.0
427 Bednarville 1955792 2147.0
428 SouthRicoside 38634835 1385.0
429 LakeNikitaberg 10812217 851.0
430 Karliport 37993685 1285.0
431 NewVerdieborough 42941740 604.0
432 EastMose 33732098 2024.0
433 Mohrhaven 31883664 3798.0
434 NewAshley 47020716 2029.0
435 Wisokyborough 12142510 2337.0
436 Corwinstad 26467108 2092.0
437 Orrinville 246198 3813.0
438 WestJamar 22815654 3118.0
439 Brekkefurt 24107530 169.0
440 NorthElouise 39778721 2095.0
441 NorthMyriam 42100443 347.0
442 SouthDonnamouth 15579614 1602.0
443 LakePeggieside 40358924 3029.0
444 EastHannahbury 34318694 3438.0
445 Kozeyborough 38120683 2551.0
446 Raynorstad 18409247 1413.0
447 Windlermouth 13085659 60.0
448 Bauchport 20418208 2120.0
449 NewMartine 27450307 3200.0
450 Emardton 42371439 1780.0
451 Bergefurt 10315797 1460.0
452 WestMaximo 25711587 3785.0
453 PortLucile 32998418 3062.0
454 Jerdetown 31028070 3134.0
455 Vanessatown 37313429 1077.0
456 Mitchellberg 28201333 2355.0
457 Kimchester 24034191 1923.0
458 PortMichele 35541701 985.0
459 Boriston 32494210 1771.0
460 PortOsbaldo 20446998 2732.0
461 Krajcikburgh 1042462 2703.0
462 Spinkafort 10055198 3065.0
463 NewCalistaview 4775232 1172.0
464 Krajcikbury 8457364 3477.0
465 Veumport 22715339 3790.0
466 Stuartstad 33824122 3648.0
467 NewYasmeenland 19767598 3421.0
468 NorthDarbyland 44273871 237.0
469 Rempelborough 2998929 2169.0
470 Hailieshire 8635261 1878.0
471 EastAndy 21355499 1822.0
472 Emeliaborough 15475037 2288.0
473 Terryfort 40676234 2758.0
474 NorthKarinemouth 39418219 3463.0
475 Kuhnburgh 37193080 1125.0
476 LakeKip 27211104 1330.0
477 Domenicoside 3303433 2949.0
478 Laneborough 7123399 3483.0
479 LakeBerta 16136034 3346.0
480 MacGyverhaven 48739420 3222.0
481 Maudiefort 22711525 2810.0
482 Walterbury 34670193 84.0
483 Jenkinsberg 44904418 3283.0
484 LakeNatalie 48497111 248.0
485 Maudechester 23601905 62.0
486 NorthCornell 44642003 3859.0
487 PortKylaport 9563378 402.0
488 NorthCarmeloton 20920786 2251.0
489 Keelingside 46318573 103.0
490 Yostburgh 40698806 1933.0
491 PortBaron 43495077 708.0
492 LakeBusterfort 8586696 1851.0
493 Mireilleshire 46694367 3154.0
494 Kuhicside 4287992 1772.0
495 NorthStevieview 10679916 778.0
496 Bradyport 309828 3333.0
497 Gibsonport 4763157 3922.0
498 EastRussside 12354439 3146.0
499 LakeMckayla 25458417 1365.0
500 EastModesto 16677844 3687.0
501 Schmelermouth 11312703 3228.0
502 Alessiatown 23509963 3360.0
503 LakeRandal 14889318 2551.0
504 Roweside 14256178 1360.0
505 Romaguerachester 44967290 2620.0
506 Stantonchester 21450447 2334.0
507 Marciatown 14332918 336.0
508 PortKayceeshire 32303755 950.0
509 Parkershire 5651742 269.0
510 Florineburgh 21891812 1298.0
511 NorthKailyn 10282336 813.0
512 NorthJamar 32268636 1119.0
513 Nellaberg 14006002 3702.0
514 Rathview 36851276 2472.0
515 PortKelleyburgh 27605471 3725.0
516 NewDestin 42911842 585.0
517 Wilhelminemouth 25343390 3211.0
518 Jacksonberg 36855667 3170.0
519 NewSkylar 19482512 484.0
520 Walkerburgh 13253194 2788.0
521 Sipesshire 49124316 346.0
522 NewMadie 3075989 2582.0
523 LakeNickshire 8661989 2815.0
524 Binsbury 29377900 1085.0
525 EastVerdie 2434578 2639.0
526 Sydnihaven 31775033 182.0
527 NorthMeghan 17200783 2401.0
528 Romaguerabury 28106796 414.0
529 NewMarianneside 10657781 1229.0
530 NewShaniya 9357128 2397.0
531 Hauckmouth 43069487 3747.0
532 LakeCooper 28938004 740.0
533 NorthHarrisonview 19650326 2171.0
534 Candidaview 16003666 3657.0
535 PortJoanie 40116119 1394.0
536 LakeLilla 10207113 165.0
537 Delphaberg 13795636 636.0
538 SouthDawnmouth 25161581 2930.0
539 NorthLuisa 4162125 920.0
540 EastMisael 47675189 1624.0
541 Altenwerthtown 44818022 3758.0
542 PortSaraifort 36591441 678.0
543 Rubyetown 6569133 1233.0
544 PortEugenia 45473805 319.0
545 LakeWadeshire 10679241 89.0
546 Rippinborough 28717722 1105.0
547 SouthJennifer 13179553 2515.0
548 PortEdwardoberg 35523125 3810.0
549 Gradychester 30202352 3489.0
550 SouthAbbieside 43209190 3126.0
551 Jenningsport 22937247 2191.0
552 Dasiaburgh 1064423 3915.0
553 SouthJosuestad 42671133 2944.0
554 Babyville 34925915 3061.0
555 Luigiland 24976124 2454.0
556 PortMonicaton 41617703 3974.0
557 Kayceeberg 5341227 3783.0
558 Lindgrenfort 26885596 2792.0
559 Nellafort 28650747 1849.0
560 NewJazlynmouth 48991012 3607.0
561 LakeLavern 746648 241.0
562 Goldaborough 2051288 972.0
563 NorthWellingtonville 20444685 3375.0
564 LakeHaleighfurt 19180509 3246.0
565 Ferminville 42181878 813.0
566 Wuckertville 19499974 3393.0
567 Kingview 19882323 3180.0
568 SouthFlorine 30469398 1681.0
569 NorthVanessa 7891669 3072.0
570 NewRoyal 2729833 1549.0
571 Austenchester 17912088 411.0
572 PortAidenfort 38645340 936.0
573 EastJarentown 14051714 1560.0
574 Amyabury 33042717 3142.0
575 Roxaneton 26969593 1309.0
576 EastErling 26852994 2606.0
577 WestEdnaville 27785387 1327.0
578 PortAdriannabury 3638573 2172.0
579 Evehaven 20404235 2233.0
580 WestFrancescatown 13591023 -47.0
581 Leuschkeland 7056403 -31.0
582 Turcottefurt 49792266 1903.0
583 WestJadyn 12705557 2466.0
584 Willmsmouth 37923187 418.0
585 NewCrawfordhaven 34557455 588.0
586 Imanifort 18871376 2588.0
587 NorthClayshire 15756070 3678.0
588 Mullerside 25931271 1076.0
589 SouthOfelia 15593142 3178.0
590 PortHesterland 16491683 1723.0
591 Torphyburgh 2354248 504.0
592 EastIzaiah 16260872 3860.0
593 Raufort 47851148 16.0
594 EastPearliefurt 22728776 2486.0
595 Trudieland 27743489 2277.0
596 PortCaitlynside 4227380 3567.0
597 Susannamouth 39885166 2998.0
598 Wittingberg 17298007 1622.0
599 Alexisport 39125121 248.0
600 Glovertown 38085569 746.0
601 PortFranciscaview 15756555 1162.0
602 SouthLazaro 18264503 3988.0
603 Oberbrunnerport 29458529 3722.0
604 Emanuelton 35840674 3286.0
605 Elijahfort 19494780 2422.0
606 LakeWillisside 48439956 -74.0
607 LakeKatrina 376404 2187.0
608 Hymanbury 16142243 3101.0
609 EastJedidiahview 39744163 3079.0
610 Asiahaven 18679037 1938.0
611 NewNasirbury 14981068 1242.0
612 Roobshire 16545017 602.0
613 NorthElmo 1983630 696.0
614 EastWilla 21997647 -71.0
615 Rosemaryberg 42994984 2842.0
616 Christiansenside 2689463 1430.0
617 Breitenbergbury 45251917 824.0
618 Merlinbury 32475354 3783.0
619 SouthLucas 24224596 -24.0
620 LakeAlessandro 5235841 1314.0
621 PortJermaineton 43138253 3136.0
622 NewRodrigostad 12335132 2032.0
623 SouthLorenville 32330283 184.0
624 WestLloydville 20104571 3917.0
625 PortMoises 14416569 1967.0
626 Beierfurt 27925539 3752.0
627 PortChristafurt 45855342 3560.0
628 EastGriffinborough 35522616 804.0
629 NewJerome 8593357 2890.0
630 Sibylberg 46924067 -83.0
631 NewFreddiechester 29560970 3901.0
632 Darrellfort 33651525 2356.0
633 Beerbury 46572734 2864.0
634 PortArmandomouth 36231736 3923.0
635 NewRupertton 28108459 1646.0
636 Kolbyborough 31319901 2160.0
637 NewDavid 16175917 2141.0
638 SouthEliane 18634610 435.0
639 Leilashire 1304448 228.0
640 PortVerna 40721523 3235.0
641 EastJavonte 22557756 561.0
642 NewJoanie 26087671 449.0
643 Anabelton 26776871 2311.0
644 Wisozkfurt 5956313 -99.0
645 Gabeside 3129242 2604.0
646 NewSylvester 34889031 1973.0
647 Maxwellstad 49372058 3720.0
648 Kovacekburgh 35552206 3003.0
649 EastTaylormouth 33014438 1489.0
650 LakeDarren 5223208 1467.0
651 EastInes 22214957 1936.0
652 Cristophermouth 4745446 658.0
653 Blickville 31936955 1582.0
654 NewTrevionhaven 44319649 3310.0
655 WestRaheemtown 7186449 1473.0
656 SouthJuneview 24999772 2477.0
657 NewOceane 7751297 1717.0
658 LakeTerryville 21649352 1568.0
659 Nitzscheburgh 1735701 1801.0
660 Barneychester 14242242 3450.0
661 SouthLorenza 381096 2231.0
662 Swaniawskiburgh 42895654 2368.0
663 NorthLenore 29674815 3070.0
664 Huelville 47786889 -87.0
665 Anjalifurt 20469988 1310.0
666 EastRachel 20829032 1595.0
667 LakeLylahaven 48571845 316.0
668 LakeJewel 9801581 3063.0
669 Raymundoland 25770091 2542.0
670 Pagactown 46145334 3789.0
671 Joannestad 8179947 2136.0
672 Nolanburgh 3924307 283.0
673 EastAleenburgh 26467141 3089.0
674 PortRossmouth 20475568 3615.0
675 WestAlvisberg 32606736 1277.0
676 PortChristina 11224367 3850.0
677 Shaunburgh 20906700 1472.0
678 Feeneyland 47335341 3755.0
679 Baumbachmouth 27055604 1885.0
680 EastJettiemouth 17833247 3591.0
681 Halvorsonton 48727504 3035.0
682 Mohamedburgh 13367865 1714.0
683 Burniceville 19996578 1026.0
684 WestVita 45403958 3513.0
685 Jaedenmouth 41590302 2475.0
686 EastClaudshire 20477646 3542.0
687 Handton 14940761 1131.0
688 NewHelmer 22905863 3584.0
689 Pourosmouth 42992636 854.0
690 Heathcotemouth 6007046 1876.0
691 Willmouth 24852878 1581.0
692 NewMillie 34223919 1702.0
693 Cruickshankfort 3163874 3413.0
694 Tinafort 45768128 1447.0
695 Federicoton 18312785 782.0
696 LakeFord 36103141 2422.0
697 SouthMaximillian 42737178 2058.0
698 NorthMajorberg 15689204 1132.0
699 SouthDestineyside 43233365 745.0
700 LakeMilfordstad 9427854 3072.0
701 WestBraedenborough 20776744 3272.0
702 LakeCooperville 8075701 2982.0
703 PortGiovanifurt 36396839 1295.0
704 WestLitzy 36685188 2313.0
705 Elodyberg 34915295 2012.0
706 EastEmile 8644073 548.0
707 EastLucie 49138310 3405.0
708 LakeLorafurt 921626 769.0
709 Vonstad 41487094 803.0
710 NewRobbmouth 43026869 712.0
711 NorthChristinemouth 3701238 2102.0
712 Considineberg 46233583 3449.0
713 WestCoralie 30487436 1233.0
714 SouthApril 49810112 2920.0
715 Krisborough 32755770 583.0
716 Victorberg 48162684 1741.0
717 NewClaudberg 41267790 3039.0
718 NewClemensstad 3707289 1751.0
719 Kilbackhaven 7393726 3526.0
720 PortAlysha 48024456 2937.0
721 Deloresshire 2867783 2413.0
722 LakeAniya 4010068 3992.0
723 NorthJoliechester 27463178 3991.0
724 Traceborough 30992425 1934.0
725 EastCorrine 40527650 1690.0
726 Corwinbury 32735735 80.0
727 NewTwilaberg 4696665 1178.0
728 Noeshire 47242742 3402.0
729 LakeGriffinchester 47275394 2235.0
730 Karolannside 46694652 2059.0
731 NorthTheofurt 18091085 2988.0
732 WestHarmon 34056347 850.0
733 Vallieside 3628477 383.0
734 NewElizabethfurt 42328471 2477.0
735 Bernitaside 14094621 2116.0
736 EastMadisonland 18591963 2952.0
737 Monahanborough 14050083 1476.0
738 EastElenora 5220586 863.0
739 WestMonroeview 15387918 523.0
740 SouthSabrina 38796837 290.0
741 Hankberg 26898327 3777.0
742 LakeJoanne 25218402 1832.0
743 Kaseyview 11931815 3482.0
744 NorthDeeburgh 44562761 819.0
745 Damianshire 22964473 2207.0
746 Mullerport 3486890 891.0
747 Durganfurt 47054044 3651.0
748 Schmidtside 33162568 2238.0
749 SouthHildabury 45397391 3239.0
750 WestIkeport 28963960 1982.0
751 LakeRogerview 16397726 714.0
752 WestAbner 23796035 1989.0
753 LakeBetty 23074347 3693.0
754 NorthDahliaport 28368322 -100.0
755 PortEttie 20754880 1185.0
756 McDermottside 39151679 476.0
757 EastEvelyn 48938549 67.0
758 WestKamille 27015106 1258.0
759 NorthDylan 23124407 3736.0
760 Alexanderburgh 10380115 497.0
761 Amayaberg 26838319 3096.0
762 LakeCierra 4083146 3577.0
763 Morarborough 26157096 1083.0
764 Wardton 6890913 -75.0
765 O'Reillymouth 10895951 669.0
766 Juliehaven 49191959 3086.0
767 Queenton 6078999 3347.0
768 Wolfhaven 5076105 988.0
769 Sydneyville 17610122 3033.0
770 NewElenorchester 11294140 3439.0
771 Lianaview 39786933 -69.0
772 PortRainaland 16066443 277.0
773 NorthBrandonside 45576025 3626.0
774 Darrionside 22415173 3515.0
775 Rennerfort 31072829 1173.0
776 NorthSusiefort 49582628 3639.0
777 Terryview 43438928 1668.0
778 NorthBarneyland 27591989 1029.0
779 Dickiville 43404055 676.0
780 Theronfurt 2235944 2900.0
781 Boyleshire 49866029 641.0
782 PortJedediah 34691471 1797.0
783 NorthDeven 44497935 3760.0
784 SouthShyann 48841962 1090.0
785 Streichbury 45389601 1184.0
786 EastBrooks 32269598 3983.0
787 SouthCharlene 36026931 967.0
788 WestGayleborough 46048009 1008.0
789 WestArjun 24440800 2226.0
790 NorthMallorymouth 37616614 3610.0
791 Santinashire 16777485 446.0
792 Swaniawskifort 17700670 2708.0
793 NewBudfurt 9335101 3714.0
794 Batzmouth 28899311 822.0
795 Daniellabury 37607464 1926.0
796 Ivoryview 9415080 1358.0
797 Shaniyabury 8002953 272.0
798 Fredyville 19736814 1877.0
799 EastShea 41109375 2465.0
800 NorthFilibertochester 47369158 1848.0
801 EastJoshualand 23022389 2672.0
802 Weimannside 21692575 1581.0
803 SouthOletachester 40606789 3307.0
804 Waelchimouth 13332050 2659.0
805 Tessview 3078181 1526.0
806 EastLillie 20075656 953.0
807 NorthLexi 44810463 357.0
808 SouthReymundo 14245399 2883.0
809 NewGayview 29967618 872.0
810 NewMarlene 47182047 8.0
811 WestLucie 38077634 2695.0
812 Priceville 18244969 640.0
813 PortJeniferborough 14707894 590.0
814 NorthRexchester 5421906 3189.0
815 Revachester 33410590 3575.0
816 Lillianshire 26057490 1766.0
817 SouthAnnabel 19436409 390.0
818 Swiftstad 34327029 3321.0
819 Gleasontown 16336407 2880.0
820 NorthKatrine 3856122 2568.0
821 LakeJedidiahmouth 40105419 1264.0
822 Haroldfurt 38298851 2100.0
823 EastKeonbury 4296313 2097.0
824 Hudsonport 43801754 3207.0
825 Valentinashire 40498712 801.0
826 LakeOzella 7984768 2660.0
827 Connellyfort 30357454 556.0
828 PortCartertown 14210938 253.0
829 Homenickchester 10004689 3326.0
830 Barrettfort 316413 3314.0
831 Summerberg 49588320 1819.0
832 NewLarue 22263687 3105.0
833 NewLue 6089389 2605.0
834 LakeFaustinoton 12536464 1049.0
835 EastZoe 21038523 3761.0
836 WestWilson 38232925 663.0
837 EastJose 33722721 1516.0
838 Sterlingport 39543693 2159.0
839 Timmyport 25273252 953.0
840 Balistrerimouth 22133815 1270.0
841 Rennertown 16125201 1411.0
842 PortMohamedchester 35600674 3848.0
843 PortAgnes 22069759 794.0
844 Isadoreberg 35062721 -16.0
845 Deontown 6504766 -60.0
846 LakeOva 538329 412.0
847 Emmetview 17259366 487.0
848 LakeMalindaside 27477803 3155.0
849 Lacyfurt 41286209 2968.0
850 NewJanickfort 8354127 2320.0
851 WestLorineburgh 19989045 2700.0
852 Rauhaven 49279664 -81.0
853 Flohaven 24697754 105.0
854 SouthZakary 43164639 793.0
855 EastKalebstad 32489934 3567.0
856 WestValentin 10914206 3032.0
857 SouthVella 13058939 1959.0
858 SouthMariana 12072588 3784.0
859 LakeIsadoreton 16106099 137.0
860 Gulgowskimouth 40738241 3332.0
861 Jaymeview 34880931 2589.0
862 SouthDanial 778740 645.0
863 Trevaville 25756217 3452.0
864 Fadelberg 2086810 3449.0
865 Kleinshire 23060167 957.0
866 Waylonton 1129520 1769.0
867 Jonathonhaven 3765535 728.0
868 Croninhaven 46351536 3887.0
869 Cordiabury 46743063 2985.0
870 EastCarolstad 33207732 2440.0
871 Franeckibury 34977264 567.0
872 NewMozellville 35491709 2660.0
873 Kadinside 22001048 3947.0
874 Gleasonbury 19647009 830.0
875 PortAraceli 23438105 823.0
876 Gleasonview 45006182 1549.0
877 Denisfurt 43009726 2653.0
878 NorthJonberg 30086605 765.0
879 Herzogmouth 25817791 2823.0
880 NewIvah 43040094 3570.0
881 Revashire 15442274 708.0
882 PortKyleland 3755872 3283.0
883 Hansenstad 5625283 536.0
884 PortWilmerburgh 18497069 2803.0
885 Summerton 46654739 1304.0
886 SouthGardnerport 47502163 3022.0
887 Providencibury 33157880 1733.0
888 WestEmorybury 20334126 3496.0
889 EastSilasfort 16934195 3224.0
890 EastDeondreburgh 13902185 2335.0
891 NewShaun 39570268 1319.0
892 Osinskichester 14730977 3614.0
893 Elnashire 11974966 3740.0
894 PortTravisberg 14252567 1520.0
895 Connellyberg 45087115 1068.0
896 NorthAlena 5305554 2185.0
897 EastLeonor 38849077 1740.0
898 NewAbraham 28280191 3845.0
899 SouthAlfred 38207979 2597.0
900 Geovanyborough 45404876 1771.0
901 PortMacmouth 7190837 3972.0
902 SouthEverettemouth 3407818 3943.0
903 EastLera 49269410 2433.0
904 EastBernhardmouth 8305669 2568.0
905 PortBrandi 22761830 2295.0
906 NorthWalter 47547654 1068.0
907 Gleasonhaven 32929732 1478.0
908 Douglasmouth 46815111 2914.0
909 LakeTraceside 44495736 3773.0
910 WestSarina 33472192 3240.0
911 WestGeorgianna 36130267 509.0
912 Paulaside 20104308 404.0
913 WestHailee 14161123 2629.0
914 SouthElsie 28772465 2931.0
915 Yosthaven 22222764 3446.0
916 Larryburgh 46140786 2155.0
917 NorthLulaburgh 20403830 2307.0
918 Paucekbury 40697065 145.0
919 WestMasonmouth 28505156 2188.0
920 Bechtelarberg 19891828 3783.0
921 LakeCrystelton 49088323 2496.0
922 Holdenhaven 16828288 3567.0
923 Daughertybury 36360970 3870.0
924 WestWilford 49523083 750.0
925 Donnellstad 24627689 2446.0
926 Crookshaven 45871779 475.0
927 NewWilliam 27298306 1950.0
928 Chelsiechester 16172900 2262.0
929 Heidenreichburgh 21617904 1567.0
930 Maryamfurt 26741400 51.0
931 NorthLeon 24322012 3596.0
932 NewIsacview 31581891 2568.0
933 Wunschfurt 28935082 -36.0
934 Wisokyton 49676030 2340.0
935 PortHillarytown 31398049 229.0
936 Weimannland 21085076 1132.0
937 EastHollisborough 47771625 2424.0
938 EastPatrick 27860193 2579.0
939 NewVerlie 4939400 616.0
940 Oswaldostad 16259654 881.0
941 NewUlisesborough 8705772 231.0
942 Nyaborough 28470373 838.0
943 Stammland 42187796 3845.0
944 Kerlukeburgh 28275972 2868.0
945 PortNicoberg 20239976 1123.0
946 LakeLaverne 30323093 490.0
947 Abagailmouth 29057949 3132.0
948 Rogahnbury 22568892 2035.0
949 WestDesmondmouth 6626545 3374.0
950 Feilville 21873180 3209.0
951 Ryanmouth 36893496 13.0
952 Sophieland 18899326 861.0
953 WestTremaine 35853787 2591.0
954 WestHayden 41971340 3741.0
955 LakeVladimirmouth 30893207 1852.0
956 Meaganmouth 16962916 2352.0
957 EastCayla 25997319 1784.0
958 Torreystad 33681078 1242.0
959 Ivyland 10087992 1805.0
960 SouthConradtown 17306397 3383.0
961 LakeKassandraview 31441558 2675.0
962 PortKaylee 38395084 3575.0
963 Elishastad 39400363 3727.0
964 SouthFlorenciostad 18082979 861.0
965 Toniport 5226174 1468.0
966 Hagenestown 29326915 922.0
967 Stuartmouth 41383405 2681.0
968 NorthEllie 4441464 2015.0
969 NorthCaterinahaven 10039413 3536.0
970 McGlynnside 37495085 3226.0
971 Dickiland 21786751 673.0
972 Langoshview 5311802 1145.0
973 Reichelbury 43166831 3659.0
974 Letitiashire 13949828 3921.0
975 Millerport 21241639 2566.0
976 LakeStellaborough 43710964 1781.0
977 NorthHerbertmouth 10732054 2420.0
978 Greenholthaven 45472737 2819.0
979 Howardhaven 37024187 3892.0
980 Esmeraldaton 39214654 1095.0
981 Alexanneport 10938833 2649.0
982 Andrewhaven 3113945 1940.0
983 Elinorehaven 392476 3551.0
984 Kirlinstad 37755772 3092.0
985 SouthArnulfoton 6878092 978.0
986 Nikkihaven 33054867 805.0
987 EastVenahaven 12978743 2663.0
988 SouthMavismouth 27180932 328.0
989 NorthDavion 12677543 -64.0
990 WestAdrienne 1442554 523.0
991 Terrellmouth 32556950 3589.0
992 EastHubertport 44196101 26.0
993 Funkstad 11863741 3315.0
994 Roytown 29635692 2342.0
995 Zoefurt 42875715 941.0
996 PortRebaborough 1189701 401.0
997 Casimerfort 26010628 1239.0
998 Ziemetown 11995478 3763.0
999 PortEryn 17337987 1682.0
1000 SouthNedraton 28944286 3761.0
